.Random.seed <-
c(403L, 10L, -369848107L, 1863876207L, 1992932214L, 1794362528L, 
-1268963997L, 80455169L, 311502192L, -1847200498L, -765855879L, 
725927691L, -92166086L, -1335183556L, 198669439L, -1845794859L, 
-933623316L, -902190270L, -1512442723L, 1578134807L, 1162699902L, 
935763000L, 663714587L, 1703358585L, 920156360L, 988795126L, 
-990367439L, -1059219101L, 626977586L, 783672452L, -1771298617L, 
-29344867L, -1365278956L, -732580422L, -128314363L, 433850847L, 
-991753114L, -288420880L, 287823123L, 1319332529L, 1887126880L, 
1767521022L, 1709184649L, 343777723L, 949025674L, -84180372L, 
1401506799L, -459008987L, 599338204L, 1064846002L, -1598179923L, 
-2088097433L, -97352050L, -244060312L, 656357227L, 53391625L, 
2066417560L, 875798214L, 1401670689L, 966813875L, -494366174L, 
903562260L, -940697449L, -1185285491L, 943618980L, -1909414518L, 
-738860555L, -835740593L, 1997806422L, 134754816L, 1011043139L, 
-37008671L, 619657296L, 654465198L, -767853479L, -811914133L, 
-2085543462L, 1298524828L, 1239172255L, -995977483L, -81572980L, 
-1955632542L, 1921330749L, 1835618487L, -439759010L, 1378505368L, 
-2101370373L, 1447197593L, -1969691608L, 1074951382L, 1351221585L, 
-1105223677L, 1263871890L, -1284004572L, -1942803481L, 1514524733L, 
-1499267404L, -110734054L, -401959323L, 573012735L, 1457241990L, 
1739936016L, -3046989L, -245925295L, -208860672L, -42318114L, 
629771561L, 692220123L, 1819871210L, 1936549772L, 984635599L, 
1037670533L, 124693308L, -2037124590L, -1227233011L, -765521337L, 
-2127337426L, -277234296L, 2109793419L, -1940840855L, 1371431480L, 
-1359359258L, -1377833343L, 1719521811L, -1508387390L, -1000907148L, 
-1421168521L, -1899925139L, -891910652L, 1722914090L, -954371435L, 
499177775L, -864625610L, -518031264L, -1493578077L, 1676315073L, 
1702057392L, 1688886478L, 1385290297L, 856890443L, 1489255930L, 
-35833604L, -125616833L, -1998253547L, 909867308L, -1660323326L, 
614365405L, -486204457L, -459684162L, 522920184L, -367395109L, 
-943430343L, 1578258568L, 910247990L, -2124747663L, -1205037405L, 
-1449813006L, -771621052L, 500428807L, 1690250717L, 481565396L, 
-1986288134L, -187479739L, 1360481695L, -278958298L, 694075312L, 
346348627L, 1160615793L, -543019360L, 293057086L, 838375753L, 
1104414715L, 1872088010L, -113941204L, -1194993361L, 1797556197L, 
1213781660L, 1748665074L, -201120915L, -1074676569L, 1745983182L, 
-1381159896L, 361386027L, 1945682505L, -46027944L, 1651844614L, 
-1617891359L, -1182065293L, 1202173410L, -481756844L, 1777985623L, 
1814697037L, 815671268L, 109753802L, -1203659723L, 967309967L, 
2063659926L, 1999732544L, -1727933949L, 302524449L, -11500784L, 
-746839826L, -722288487L, -41720533L, 737106970L, 270020316L, 
-1252047137L, 1310732469L, -654330292L, -2023187806L, -594279939L, 
503646967L, -1005724642L, 1892325080L, 49465915L, 873719769L, 
-53105304L, -1003086698L, -369550831L, -43953213L, 546140114L, 
-1151636892L, -1675056729L, -128432387L, -837467404L, -1390377510L, 
-1878353627L, -925188033L, -2001764410L, 654779988L, 1454184514L, 
-1117712224L, 1282240188L, 806005200L, 319472482L, -1224826136L, 
-1319595828L, 1892028924L, 380238322L, 1101924992L, -671820300L, 
-1249999224L, -1084362950L, 1215066960L, -1144310676L, 1281198484L, 
1260082258L, -1183872544L, 1898716364L, -1915851616L, 324572546L, 
-1655676696L, 1484005100L, 866508092L, -868672398L, -830001040L, 
292702244L, 741198904L, -1446193382L, 133467344L, -1722476740L, 
890918804L, 2143837058L, 1161433536L, -1644192196L, -1017105008L, 
727180834L, -168231672L, 438630028L, -977983716L, 1690726546L, 
-1061758592L, -126980588L, -787902680L, -890854854L, -562301488L, 
1479653740L, 1247015860L, -1027074030L, 1824767456L, -202534964L, 
-1169674016L, 392636450L, -155033304L, 857243148L, -741064900L, 
1152699378L, 1653746416L, 809363012L, 1289265752L, -1256677574L, 
-385255952L, -663449924L, 1057163540L, -246822206L, -1543906208L, 
935940988L, -1543395376L, -1773993694L, -299427160L, 1305138060L, 
939124924L, -630499534L, 429316672L, 865248436L, -1711445432L, 
-708776518L, 1162164752L, -5514516L, -997521068L, 953880850L, 
309956000L, 313346764L, 990490208L, 838361026L, 2077421352L, 
1556627372L, -1247866052L, -1179682446L, -1354478800L, -1458383580L, 
751905592L, 1637525210L, 2118696848L, -1033412868L, 676664212L, 
261097538L, -1868270336L, 1502106684L, 1402294608L, -1642080094L, 
1525049672L, -667097332L, -1390935332L, 911560018L, -466318208L, 
658759764L, -306685976L, 2106081530L, -597570736L, -1877127380L, 
1660348788L, -1355252846L, 1312770144L, -1024911988L, -1716851872L, 
-1498654238L, -1740010584L, -1012212532L, 632498172L, 1731786162L, 
270241264L, -874034236L, 1686719832L, -277720710L, 1727458224L, 
1691537852L, 1721387092L, 47415234L, 1549654048L, -141494084L, 
1688216144L, 2112560098L, -1851053976L, 856640588L, -1440761604L, 
816778226L, -482285312L, -763715212L, 1677874184L, -1044783174L, 
-1404939824L, -2082645012L, -1441756780L, -899108398L, 367595872L, 
864825164L, 1045887264L, -98867326L, -1503047960L, 771973356L, 
1773507644L, -1133438094L, 1014105712L, -1137480668L, -411000008L, 
1001868442L, -1571738928L, -2146602820L, 1178119828L, 1452392066L, 
1657927872L, 1341811516L, -1460061040L, 1330810402L, 1942609928L, 
1576559884L, -1665207140L, 1086262802L, -1430405248L, -1912871404L, 
680362536L, 200006970L, -1176997424L, 502946924L, 1482021172L, 
-1356808558L, -1482075296L, -82091188L, -840218656L, 1439930274L, 
2108860328L, 1898364300L, 1392234684L, -2012409486L, -1671713552L, 
-1760554940L, -387372712L, 385953338L, -1483060368L, 1162676284L, 
147306260L, 1488629186L, -1154313504L, 1968734076L, 56450768L, 
2139426978L, 942658600L, -137439988L, 576139196L, -432836302L, 
-1007046208L, 1830251060L, 1559626696L, 1859498170L, 1573931408L, 
-555193876L, 1853323860L, 1855486098L, 1112397600L, 174125516L, 
-1824590368L, 1002284738L, 1294900264L, -301630804L, 2103600316L, 
-1842613774L, -223051472L, -1378583388L, 1851584184L, -616567462L, 
1585388944L, -687768708L, 214921492L, -1556606142L, 763001600L, 
1422861752L, -1393576095L, -661192941L, -1156589772L, 649119042L, 
-1654904489L, -1427532639L, 1257311590L, 1729351524L, -1635139947L, 
196425663L, 2044156760L, -1421944458L, 943692675L, 62032325L, 
1813954274L, 1362288464L, -2109240711L, -178500181L, -1030597860L, 
-1287396278L, -630939585L, -1217974135L, -323099490L, 1290060108L, 
120903965L, -1517386585L, -508476464L, 1744591726L, 1109387803L, 
1779952509L, 861366634L, 263686152L, -672001871L, 2108763939L, 
1549978660L, -1406005550L, -12412121L, -405500559L, -51809354L, 
-1891928236L, -1012977179L, -2110108689L, 554253096L, -14505082L, 
502867891L, -170234091L, -1053755022L, 866315712L, 1490415145L, 
1061446299L, 1128729452L, -230280326L, -1553060689L, -501581895L, 
-355425842L, -586234596L, -1550741363L, 1775205623L, -2078906368L, 
1658464862L, 753210667L, -635279827L, 1008869018L, 1912969816L, 
1061926337L, -1276446093L, -795437164L, -1255684574L, 1609304375L, 
-1117988863L, -1318841082L, 1734177092L, 184222837L, 251897311L, 
-968142536L, -795858154L, 1457865507L, 464808165L, 2110371074L, 
-2054113424L, -1412384999L, 286203659L, -709567492L, 795441194L, 
-1169705889L, 1550457833L, -309705474L, -1369981716L, 1087737917L, 
-857029625L, 1331634160L, 120716174L, -423343685L, 864905117L, 
807159114L, 1055591784L, -363519151L, -1375743933L, -276145852L, 
662155762L, 951022535L, 1635206545L, 1045739798L, -157501068L, 
-316395515L, -1665759153L, -1587540920L, -1416961562L, -1687646445L, 
-1497634699L, 512358994L, 992861344L, 975771017L, 1374983611L, 
901669388L, -560403558L, 833983247L, -114532007L, 215888878L, 
398793340L, -645989651L, 693300631L, 1759614560L, 34683966L, 
557849867L, 860446605L, -1489171270L, 1599785720L, -1817407327L, 
1802331219L, 1184102260L, 227775746L, -219587177L, -95189151L, 
-334011482L, -125497948L, -1613294507L, -1545680641L, 589839768L, 
883283638L, 36976451L, -1238738299L, 1676447522L, -1962210288L, 
2100666297L, 1203425387L, -999376036L, 1685813898L, 719308415L, 
